2457844
185827331
161382403
182353923
16973825
186646529
37748737
21102593
39321601
209715201
43909121
145555457
49610753
230686721
12713985
147324929
30670849
15335425
37388289
16809985
218595329
168329217
168525825
34832385
53510145
8224769
205881345
156598273
190349313
40140801
25264129
210141185
10452993
162168833
28082177
11370497
195919873
28409857
218071041
32997377
49905665
201031681
47546369
118095874
5373954
23461890
125403138
121929730
208699394
178683906
212697090
131235842
14778370
137166851
140509187
212664323
194772996
47284229
230490119
40861707
25395208
121536522
41418763
206176268
221675533
10420238
156794896
178880528
129859602
190775321
149585945
13598749
30834717
226590752
11272225
30670881
37093410
50331682
40828962
43843618
125206567
139722790
21102644
134610998
47776056
24870988
8127827
172654687
173473903
28082545
8126593
118816769
122159105
124321793
131072001
134610969
140541979
145293314
151486465
156598368
161382422
169279489
172654594
179011585
183402497
187105281
190644229
195690497
202113025
209944591
212238339
219021313
221085698
225116164
230490467
54132737
118521858
122093569
126058497
131792897
135921667
140542047
145555471
150339636
155910146
161382476
168689665
173703169
178684020
183566337
187105360
190644313
194773130
200540161
206176412
209092609
214106113
217284612
221348002
226656422
230490289
3080401
6586369
8388609
9863718
14548993
17137665
22151169
24641565
28344350
31588353
33325057
38109185
40042497
41484299
45056001
47546512
50299034
118456349
121864220
125632543
131858433
142114817
146931713
149487658
157351937
162856961
168296466
174358541
178061326
182157320
187400194
196313090
200966192
205422600
226557955
230555652
21823491
28573788
31621151
34635833
38305823
39977069
41975850
45514773
47612071
50659393
54427715
3309569
3080378
4521985
7143468
9306128
13434929
16318465
20283397
22544385
27262977
30474241
33193985
34635946
40042515
42106881
43450369
47841281
49872914
52789249
117866526
124321813
130088961
134643717
151191562
122290185
53968912
6979665
10485761
16121857
21037242
24870913
27951133
34865153
36306945
39518242
41418794
43450389
47546385
50298881
2457765
5242991
7733391
5308616
1572878
11075739
11272200
12320769
13795329
14811359
18579466
21102613
25329694
28180726
3277131
33554433
33783820
38371376
39747585
41877512
44793858
45514827
47480833
50724865
5308652
54558721
54558734
5636103
8061304