20283397
22544385
27262977
30474241
33193985
34635946
40042515
42106881
43450369
47841281
49872914
52789249
117866526
124321813
130088961
134643717
151191562
122290185
53968912
6979665
10485761
16121857
21037242
24870913
27951133
34865153
36306945
39518242
41418794
43450389
47546385
50298881
2457765
5242991
7733391
5308616
1572878
11075739
11272200
12320769
13795329
14811359
18579466
21102613
25329694
28180726
3277131
33554433
33783820
38371376
39747585
41877512
44793858
45514827
47480833
50724865
5308652
54558721
54558734
5636103
8061304